[N
50
9
15 sine_gen_signed
4
8 clk_freq
43
14 batch_INT_BITS
35
12 out_INT_BITS
19
16 tempcos_INT_BITS
5
8 i2c_freq
20
17 tempcos_FRAC_BITS
16
15 dataA_FRAC_BITS
17
16 tempsin_INT_BITS
48
5 COEFF
32
15 s2sin_FRAC_BITS
3
3 rtl
45
8 goertzel
8
11 SAMPLE_RATE
29
11 in_INT_BITS
33
14 s2cos_INT_BITS
47
10 BLOCK_SIZE
38
9 markingv1
6
15 audio_interface
13
6 multv6
31
14 s2sin_INT_BITS
23
9 framingv2
2
3 i2c
14
10 behavioral
36
13 out_FRAC_BITS
22
14 mult_FRAC_BITS
46
10 DATA_WIDTH
41
14 power_INT_BITS
39
10 flaggingv2
42
15 power_FRAC_BITS
11
9 data_bits
25
14 data_FRAC_BITS
27
13 acc_FRAC_BITS
1
105 d:/Users/Rafi Ananta Alden/Documents/Kuliah/Semester 8/EL4064/Enkripsi-Suara-FPGA/Demo/Top-Level/hdl/work
26
12 acc_INT_BITS
18
17 tempsin_FRAC_BITS
15
14 dataA_INT_BITS
34
15 s2cos_FRAC_BITS
44
15 batch_FRAC_BITS
40
11 toplevel_iq
50
11 dtmf_system
28
11 powercalcv1
37
9 slidingv5
49
12 goertzel_top
12
20 generate_dtmf_signed
7
6 wm8731
10
9 addr_bits
30
12 in_FRAC_BITS
21
13 mult_INT_BITS
24
13 data_INT_BITS
]
[G
1
40
14
1
43
1
0
14
0
0 0
0
0
]
[G
1
49
3
1
46
1
0
16
0
0 0
0
0
]
[G
1
38
14
1
29
1
0
14
0
0 0
0
0
]
[G
1
23
14
1
27
1
0
10
0
0 0
0
0
]
[G
1
28
14
1
30
1
0
10
0
0 0
0
0
]
[G
1
37
14
1
30
1
0
6
0
0 0
0
0
]
[G
1
13
14
1
21
1
0
2
0
0 0
0
0
]
[G
1
40
14
1
44
1
0
2
0
0 0
0
0
]
[G
1
23
14
1
24
1
0
2
0
0 0
0
0
]
[G
1
23
14
1
25
1
0
14
0
0 0
0
0
]
[G
1
13
14
1
22
1
0
14
0
0 0
0
0
]
[G
1
39
14
1
29
1
0
14
0
0 0
0
0
]
[G
1
13
14
1
18
1
0
15
0
0 0
0
0
]
[G
1
45
3
1
46
1
0
16
0
0 0
0
0
]
[G
1
45
3
2
46
1
0
16
0
0 0
0
0
]
[G
1
45
3
3
46
1
0
16
0
0 0
0
0
]
[G
1
45
3
4
46
1
0
16
0
0 0
0
0
]
[G
1
45
3
5
46
1
0
16
0
0 0
0
0
]
[G
1
45
3
6
46
1
0
16
0
0 0
0
0
]
[G
1
45
3
7
46
1
0
16
0
0 0
0
0
]
[G
1
50
3
1
47
1
0
640
0
0 0
0
0
]
[G
1
40
14
1
42
1
0
6
0
0 0
0
0
]
[G
1
28
14
1
33
1
0
9
0
0 0
0
0
]
[G
1
23
14
1
26
1
0
6
0
0 0
0
0
]
[G
1
49
3
1
47
1
0
640
0
0 0
0
0
]
[G
1
40
14
1
27
1
0
10
0
0 0
0
0
]
[G
1
2
3
1
4
0
0
50000000
0
0 0
0
0
]
[G
1
40
14
1
41
1
0
10
0
0 0
0
0
]
[G
1
40
14
1
21
1
0
2
0
0 0
0
0
]
[G
1
38
14
1
30
1
0
2
0
0 0
0
0
]
[G
1
6
7
1
8
0
0
32
0
0 0
0
0
]
[G
1
28
14
1
29
1
0
6
0
0 0
0
0
]
[G
1
37
14
1
29
1
0
10
0
0 0
0
0
]
[G
1
40
14
1
22
1
0
14
0
0 0
0
0
]
[G
1
28
14
1
36
1
0
6
0
0 0
0
0
]
[G
1
37
14
1
36
1
0
2
0
0 0
0
0
]
[G
1
12
3
1
11
1
0
16
0
0 0
0
0
]
[G
1
2
3
1
5
0
0
20000
0
0 0
0
0
]
[G
1
9
3
1
11
1
0
16
0
0 0
0
0
]
[G
1
45
3
1
48
0
0
0
0
8 8
-91
3
52
121
-66
-78
-1
63
0
0
]
[G
1
45
3
2
48
0
0
0
0
8 8
112
-28
47
-108
36
-101
-1
63
0
0
]
[G
1
45
3
3
48
0
0
0
0
8 8
-102
78
104
37
108
-128
-1
63
0
0
]
[G
1
45
3
4
48
0
0
0
0
8 8
-85
10
65
74
-27
113
-1
63
0
0
]
[G
1
45
3
5
48
0
0
0
0
8 8
-32
48
-110
-5
126
10
-1
63
0
0
]
[G
1
45
3
6
48
0
0
0
0
8 8
-20
-32
-103
46
-30
-31
-2
63
0
0
]
[G
1
45
3
7
48
0
0
0
0
8 8
-27
45
-58
86
65
-97
-2
63
0
0
]
[G
1
13
14
1
20
1
0
14
0
0 0
0
0
]
[G
1
40
14
1
26
1
0
6
0
0 0
0
0
]
[G
1
45
3
1
47
1
0
640
0
0 0
0
0
]
[G
1
45
3
2
47
1
0
640
0
0 0
0
0
]
[G
1
45
3
3
47
1
0
640
0
0 0
0
0
]
[G
1
45
3
4
47
1
0
640
0
0 0
0
0
]
[G
1
13
14
1
17
1
0
1
0
0 0
0
0
]
[G
1
45
3
6
47
1
0
640
0
0 0
0
0
]
[G
1
45
3
7
47
1
0
640
0
0 0
0
0
]
[G
1
28
14
1
31
1
0
10
0
0 0
0
0
]
[G
1
13
14
1
19
1
0
2
0
0 0
0
0
]
[G
1
39
14
1
30
1
0
2
0
0 0
0
0
]
[G
1
45
3
5
47
1
0
640
0
0 0
0
0
]
[G
1
28
14
1
35
1
0
10
0
0 0
0
0
]
[G
1
37
14
1
35
1
0
14
0
0 0
0
0
]
[G
1
13
14
1
16
1
0
14
0
0 0
0
0
]
[G
1
12
3
1
10
1
0
9
0
0 0
0
0
]
[G
1
50
3
1
46
1
0
16
0
0 0
0
0
]
[G
1
13
14
1
15
1
0
2
0
0 0
0
0
]
[G
1
9
3
1
10
1
0
9
0
0 0
0
0
]
[G
1
28
14
1
34
1
0
7
0
0 0
0
0
]
[G
1
28
14
1
32
1
0
6
0
0 0
0
0
]
