-0.039062
-0.040039
-0.027344
-0.0048828
0.0019531
-0.014648
-0.03125
-0.027344
-0.014648
0.00097656
0.0078125
0.0019531
-0.029297
-0.049805
-0.033203
0.0048828
0.0078125
-0.024414
-0.047852
-0.035156
-0.019531
-0.014648
-0.012695
-0.0048828
-0.014648
-0.03418
-0.038086
-0.013672
-0.0029297
-0.010742
-0.018555
-0.0039062
0.00097656
-0.0019531
0.0048828
0.035156
0.00097656
-0.0029297
0.0039062
0.032227
-0.00097656
-0.0029297
0.0078125
0.03125
-0.0078125
-0.0039062
0.019531
0.048828
0.00097656
-0.0048828
0.016602
0.048828
0
-0.0048828
0.0068359
0.021484
-0.020508
0
0.020508
0.025391
-0.023438
-0.0039062
0.020508
0.027344
