-0.11133
-0.070312
-0.044922
-0.048828
-0.071289
-0.087891
-0.072266
-0.033203
-0.0039062
-0.018555
-0.069336
-0.11035
-0.10742
-0.070312
-0.044922
-0.05957
-0.099609
-0.12695
-0.11719
-0.082031
-0.051758
-0.046875
-0.066406
-0.091797
-0.10059
-0.088867
-0.06543
-0.045898
-0.036133
-0.032227
-0.023438
0
0.039062
0.039062
0.038086
0.037109
0.03418
0.032227
0.032227
0.036133
0.035156
0.02832
0.027344
0.039062
0.056641
0.06543
0.064453
0.061523
0.061523
0.060547
0.060547
0.050781
0.023438
0.0029297
0.0078125
0.021484
0.025391
0.022461
0.018555
0.018555
0.020508
0.019531
0.027344
0.035156
