-0.066406
-0.044922
-0.025391
-0.019531
-0.029297
-0.041992
-0.045898
-0.026367
-0.0068359
0.0029297
-0.021484
-0.047852
-0.0625
-0.044922
-0.025391
-0.019531
-0.040039
-0.05957
-0.067383
-0.049805
-0.032227
-0.019531
-0.027344
-0.039062
-0.052734
-0.047852
-0.041016
-0.024414
-0.021484
-0.014648
-0.017578
-0.0058594
0.0058594
0.033203
0.0058594
0.032227
0.0048828
0.029297
0.0029297
0.029297
0.0068359
0.02832
0
0.027344
0.011719
0.044922
0.020508
0.043945
0.017578
0.043945
0.016602
0.043945
0.0068359
0.016602
-0.013672
0.021484
0
0.025391
-0.0029297
0.021484
-0.0029297
0.023438
-0.0039062
0.03125
