0
0
0
0.0019531
0.00097656
-0.0019531
-0.0019531
0.0048828
0.011719
0.015625
0.013672
0.019531
0.029297
0.044922
0.046875
0.047852
0.041016
0.046875
0.048828
0.055664
0.051758
0.054688
0.052734
0.061523
0.066406
0.076172
0.076172
0.082031
0.081055
0.088867
0.089844
0.09668
0.094727
0.098633
0.087891
0.089844
0.084961
0.09668
0.089844
0.083008
0.0625
0.061523
0.058594
0.053711
0.02832
0.0068359
-0.0039062
-0.0019531
0
-0.0029297
-0.0068359
-0.0068359
-0.0078125
-0.010742
-0.013672
-0.010742
-0.015625
-0.014648
-0.015625
-0.014648
0.0019531
0.0039062
0.015625
0
