0
0
0
0
0
0.0019531
0.00097656
-0.0039062
-0.0029297
0.0087891
0.014648
0.0068359
-0.00097656
0.012695
0.030273
0.032227
0.016602
0.015625
0.024414
0.03125
0.024414
0.024414
0.027344
0.030273
0.025391
0.03125
0.041016
0.044922
0.035156
0.037109
0.045898
0.051758
0.043945
0.044922
0.050781
0.053711
0.037109
0.036133
0.047852
0.060547
0.041992
0.022461
0.020508
0.039062
0.038086
0.014648
-0.0097656
-0.0078125
0.0058594
0.0058594
-0.0058594
-0.0087891
-0.00097656
0.0019531
-0.0068359
-0.012695
-0.0068359
0.0019531
-0.0087891
-0.016602
-0.0068359
0.0019531
0.0087891
0.0019531
