0
0
0.0019531
0.0029297
-0.00097656
-0.0039062
0.0029297
0.016602
0.027344
0.029297
0.033203
0.048828
0.074219
0.091797
0.094727
0.088867
0.087891
0.095703
0.10449
0.10742
0.10645
0.10742
0.11426
0.12793
0.14258
0.15234
0.1582
0.16309
0.16992
0.17871
0.18652
0.19141
0.19336
0.18652
0.17773
0.1748
0.18164
0.18652
0.17285
0.14551
0.12402
0.12012
0.1123
0.082031
0.035156
0.0029297
-0.0058594
-0.0019531
-0.0029297
-0.0097656
-0.013672
-0.014648
-0.018555
-0.024414
-0.024414
-0.026367
-0.030273
-0.030273
-0.030273
-0.012695
0.0058594
0.019531
0.015625
-0.0019531
