1
0.99512
0.98047
0.95703
0.92383
0.88184
0.83105
0.77344
0.70703
0.63477
0.55566
0.47168
0.38281
0.29004
0.19531
0.097656
0
-0.097656
-0.19531
-0.29004
-0.38281
-0.47168
-0.55566
-0.63477
-0.70703
-0.77344
-0.83105
-0.88184
-0.92383
-0.95703
-0.98047
-0.99512
0.99512
0.95703
0.88184
0.77344
0.63477
0.47168
0.29004
0.097656
-0.097656
-0.29004
-0.47168
-0.63477
-0.77344
-0.88184
-0.95703
-0.99512
0.95703
0.77344
0.47168
0.097656
-0.29004
-0.63477
-0.88184
-0.99512
0.77344
0.097656
-0.63477
-0.99512
0.097656
-0.99512
-0.99512
