0
0
0
0
0
0
0
0
0
0.0019531
0.00097656
-0.0039062
-0.0029297
0.0068359
0.013672
0.010742
0.0019531
0.0058594
0.016602
0.021484
0.014648
0.0097656
0.0078125
0.0097656
0.0097656
0.014648
0.019531
0.020508
0.015625
0.016602
0.021484
0.024414
0.019531
0.020508
0.024414
0.027344
0.024414
0.024414
0.026367
0.026367
0.012695
0.011719
0.021484
0.03418
0.029297
0.010742
-0.00097656
0.0048828
0.0087891
0.0039062
-0.0087891
-0.012695
-0.0029297
0.0019531
0.0029297
0.0039062
0.0019531
0
-0.0097656
-0.016602
-0.0087891
0.0019531
0.00097656
0
