-0.02832
-0.025391
-0.016602
-0.0087891
-0.010742
-0.014648
-0.010742
0.0039062
0.012695
0
-0.020508
-0.03125
-0.027344
0.00097656
0.02832
0.033203
-0.0019531
-0.050781
-0.061523
-0.02832
0.0097656
0.026367
0.013672
-0.0068359
-0.029297
-0.041016
-0.026367
0.0019531
0.014648
0.0068359
-0.011719
-0.015625
-0.017578
-0.017578
-0.0068359
0.011719
0.018555
0.015625
0.011719
0.023438
-0.017578
-0.018555
-0.0078125
0.0087891
0.016602
0.015625
0.015625
0.022461
-0.024414
-0.019531
0.0039062
0.026367
0.025391
0.014648
0.012695
0.022461
-0.025391
-0.019531
-0.0058594
-0.00097656
0.0048828
0.019531
0.026367
0.026367
