-0.039062
-0.056641
-0.03418
0.0048828
0.017578
-0.0039062
-0.026367
-0.021484
0.010742
0.03125
0.017578
-0.013672
-0.02832
-0.010742
0.015625
0.025391
0.0019531
-0.03125
-0.038086
-0.017578
0.00097656
0.011719
0.012695
0.0078125
-0.0039062
-0.019531
-0.023438
-0.010742
0.0087891
0.014648
0.00097656
-0.014648
-0.025391
-0.021484
-0.0029297
0.012695
0.0058594
-0.0078125
-0.012695
-0.00097656
0.0078125
0.0039062
-0.0039062
-0.00097656
0.012695
0.023438
0.024414
0.024414
-0.025391
-0.022461
-0.0039062
0.0097656
0.0039062
-0.0078125
-0.0087891
-0.0019531
0.00097656
0.0029297
0.0078125
0.016602
0.021484
0.022461
0.021484
0.024414
