0
0
0.0019531
0.0029297
-0.00097656
-0.0039062
0.0029297
0.016602
0.027344
0.029297
0.033203
0.048828
0.074219
0.091797
0.094727
0.088867
0.087891
0.095703
0.10449
0.10742
0.10645
0.10742
0.11426
0.12793
0.14258
0.15234
0.1582
0.16309
0.16992
0.17871
0.18652
0.19141
0.19336
0.18555
0.17578
0.17285
0.17969
0.18457
0.1709
0.14355
0.12207
0.11816
0.11035
0.080078
0.032227
0
-0.0078125
-0.0029297
-0.0029297
-0.010742
-0.013672
-0.012695
-0.015625
-0.021484
-0.021484
-0.022461
-0.02832
-0.019531
-0.020508
-0.0048828
0.023438
0.012695
0.0087891
0
