0
0
0
0.0019531
0.00097656
-0.0019531
-0.0019531
0.0048828
0.011719
0.015625
0.013672
0.019531
0.029297
0.044922
0.046875
0.047852
0.041016
0.046875
0.048828
0.055664
0.051758
0.054688
0.052734
0.061523
0.066406
0.076172
0.076172
0.082031
0.081055
0.088867
0.089844
0.09668
0.094727
0.098633
0.086914
0.088867
0.083984
0.095703
0.088867
0.082031
0.061523
0.060547
0.057617
0.052734
0.027344
0.0048828
-0.0048828
-0.0029297
0
-0.0029297
-0.0078125
-0.0058594
-0.0068359
-0.0087891
-0.012695
-0.0087891
-0.013672
-0.014648
-0.0048828
-0.015625
0.010742
0.012695
0
0.0087891
