-0.11133
-0.070312
-0.044922
-0.048828
-0.071289
-0.087891
-0.072266
-0.033203
-0.0039062
-0.018555
-0.069336
-0.11035
-0.10742
-0.070312
-0.044922
-0.05957
-0.099609
-0.12695
-0.11719
-0.082031
-0.051758
-0.046875
-0.066406
-0.091797
-0.10059
-0.088867
-0.06543
-0.045898
-0.036133
-0.032227
-0.023438
0
0.039062
0.039062
0.037109
0.035156
0.033203
0.03125
0.030273
0.03125
0.027344
0.019531
0.017578
0.02832
0.043945
0.051758
0.049805
0.045898
0.045898
0.045898
0.043945
0.03418
0.0068359
-0.017578
-0.018555
-0.0048828
0.0029297
0.0029297
-0.0097656
-0.024414
-0.029297
-0.029297
-0.025391
0.025391
