-0.066406
-0.047852
0
0.035156
0.022461
-0.027344
-0.060547
-0.041992
0.012695
0.047852
0.030273
-0.016602
-0.044922
-0.026367
0.015625
0.040039
0.027344
-0.0087891
-0.03418
-0.030273
-0.0048828
0.023438
0.03418
0.020508
-0.0019531
-0.016602
-0.012695
0.0029297
0.016602
0.015625
0
-0.014648
-0.025391
-0.022461
-0.0039062
0.012695
0.0058594
-0.011719
-0.021484
-0.012695
-0.0019531
-0.0029297
-0.010742
-0.013672
-0.0078125
-0.00097656
0.00097656
0
0
0.00097656
0.00097656
0
0
0.0039062
0.0087891
0.011719
0.0097656
0.0068359
0.0068359
0.012695
0.020508
0.024414
0.023438
0.024414
